 Entering Gaussian System, Link 0=g16
 Input=/Users/asuyarger/Downloads/CH4_DFT_B3LPY_6311pp2d3p_Opt_Freq_Full_NBO_Raman.gjf
 Output=/Users/asuyarger/Downloads/CH4_DFT_B3LPY_6311pp2d3p_Opt_Freq_Full_NBO_Raman.log
 Initial command:
 /Users/asuyarger/Applications/G16/g16/l1.exe "/Users/asuyarger/Applications/G16/scratch/Gau-92865.inp" -scrdir="/Users/asuyarger/Applications/G16/scratch/"
 Entering Link 1 = /Users/asuyarger/Applications/G16/g16/l1.exe PID=     92866.
  
 Copyright (c) 1988,1990,1992,1993,1995,1998,2003,2009,2016,
            Gaussian, Inc.  All Rights Reserved.
  
 This is part of the Gaussian(R) 16 program.  It is based on
 the Gaussian(R) 09 system (copyright 2009, Gaussian, Inc.),
 the Gaussian(R) 03 system (copyright 2003, Gaussian, Inc.),
 the Gaussian(R) 98 system (copyright 1998, Gaussian, Inc.),
 the Gaussian(R) 94 system (copyright 1995, Gaussian, Inc.),
 the Gaussian 92(TM) system (copyright 1992, Gaussian, Inc.),
 the Gaussian 90(TM) system (copyright 1990, Gaussian, Inc.),
 the Gaussian 88(TM) system (copyright 1988, Gaussian, Inc.),
 the Gaussian 86(TM) system (copyright 1986, Carnegie Mellon
 University), and the Gaussian 82(TM) system (copyright 1983,
 Carnegie Mellon University). Gaussian is a federally registered
 trademark of Gaussian, Inc.
  
 This software contains proprietary and confidential information,
 including trade secrets, belonging to Gaussian, Inc.
  
 This software is provided under written license and may be
 used, copied, transmitted, or stored only in accord with that
 written license.
  
 The following legend is applicable only to US Government
 contracts under FAR:
  
                    RESTRICTED RIGHTS LEGEND
  
 Use, reproduction and disclosure by the US Government is
 subject to restrictions as set forth in subparagraphs (a)
 and (c) of the Commercial Computer Software - Restricted
 Rights clause in FAR 52.227-19.
  
 Gaussian, Inc.
 340 Quinnipiac St., Bldg. 40, Wallingford CT 06492
  
  
 ---------------------------------------------------------------
 Warning -- This program may not be used in any manner that
 competes with the business of Gaussian, Inc. or will provide
 assistance to any competitor of Gaussian, Inc.  The licensee
 of this program is prohibited from giving any competitor of
 Gaussian, Inc. access to this program.  By using this program,
 the user acknowledges that Gaussian, Inc. is engaged in the
 business of creating and licensing software in the field of
 computational chemistry and represents and warrants to the
 licensee that it is not a competitor of Gaussian, Inc. and that
 it will not use this program in any manner prohibited above.
 ---------------------------------------------------------------
  

 Cite this work as:
 Gaussian 16, Revision A.03,
 M. J. Frisch, G. W. Trucks, H. B. Schlegel, G. E. Scuseria, 
 M. A. Robb, J. R. Cheeseman, G. Scalmani, V. Barone, 
 G. A. Petersson, H. Nakatsuji, X. Li, M. Caricato, A. V. Marenich, 
 J. Bloino, B. G. Janesko, R. Gomperts, B. Mennucci, H. P. Hratchian, 
 J. V. Ortiz, A. F. Izmaylov, J. L. Sonnenberg, D. Williams-Young, 
 F. Ding, F. Lipparini, F. Egidi, J. Goings, B. Peng, A. Petrone, 
 T. Henderson, D. Ranasinghe, V. G. Zakrzewski, J. Gao, N. Rega, 
 G. Zheng, W. Liang, M. Hada, M. Ehara, K. Toyota, R. Fukuda, 
 J. Hasegawa, M. Ishida, T. Nakajima, Y. Honda, O. Kitao, H. Nakai, 
 T. Vreven, K. Throssell, J. A. Montgomery, Jr., J. E. Peralta, 
 F. Ogliaro, M. J. Bearpark, J. J. Heyd, E. N. Brothers, K. N. Kudin, 
 V. N. Staroverov, T. A. Keith, R. Kobayashi, J. Normand, 
 K. Raghavachari, A. P. Rendell, J. C. Burant, S. S. Iyengar, 
 J. Tomasi, M. Cossi, J. M. Millam, M. Klene, C. Adamo, R. Cammi, 
 J. W. Ochterski, R. L. Martin, K. Morokuma, O. Farkas, 
 J. B. Foresman, and D. J. Fox, Gaussian, Inc., Wallingford CT, 2016.
 
 ******************************************
 Gaussian 16:  EM64M-G16RevA.03 25-Dec-2016
                 6-Sep-2024 
 ******************************************
 %nprocshared=4
 Will use up to    4 processors via shared memory.
 %mem=4GB
 %chk=CH4_DFT_B3LPY_6311pp2d3p_Opt_Freq_Full_NBO_Raman.chk
 ----------------------------------------------------------------------
 #p opt=tight freq=raman b3lyp/6-311++g(2d,3p) guess=save pop=(hirshfel
 d,full,nbo) geom=connectivity polar
 ----------------------------------------------------------------------
 1/7=10,18=20,19=15,26=3,38=1,57=2/1,3;
 2/9=110,12=2,17=6,18=5,40=1/2;
 3/5=4,6=6,7=1512,11=2,25=1,30=1,71=1,74=-5/1,2,3;
 4//1;
 5/5=2,38=5,98=1/2;
 6/7=3,28=1,40=1,79=1/1,7;
 7//1,2,3,16;
 1/7=10,18=20,19=15,26=3/3(2);
 2/9=110/2;
 99//99;
 2/9=110/2;
 3/5=4,6=6,7=1512,11=2,25=1,30=1,71=1,74=-5/1,2,3;
 4/5=5,16=3,69=1/1;
 5/5=2,38=5,98=1/2;
 7//1,2,3,16;
 1/7=10,18=20,19=15,26=3/3(-5);
 2/9=110/2;
 6/7=3,19=2,28=1,40=1,79=1/1,7;
 99/9=1/99;
 Leave Link    1 at Fri Sep  6 16:34:03 2024, MaxMem=   536870912 cpu:               0.1 elap:               0.0
 (Enter /Users/asuyarger/Applications/G16/g16/l101.exe)
 ---------------------------------------------------
 CH4 DFT B3LPY 6-311++g(2d,3p) Opt Freq - Full - NBO
 ---------------------------------------------------
 Symbolic Z-matrix:
 Charge =  0 Multiplicity = 1
 C                    -0.08137   0.28029   0. 
 H                     0.27528  -0.72852   0. 
 H                     0.2753    0.78469   0.87365 
 H                     0.2753    0.78469  -0.87365 
 H                    -1.15137   0.2803    0. 
 
 ITRead=  0  0  0  0  0
 MicOpt= -1 -1 -1 -1 -1
 NAtoms=      5 NQM=        5 NQMF=       0 NMMI=      0 NMMIF=      0
                NMic=       0 NMicF=      0.
                    Isotopes and Nuclear Properties:
 (Nuclear quadrupole moments (NQMom) in fm**2, nuclear magnetic moments (NMagM)
  in nuclear magnetons)

  Atom         1           2           3           4           5
 IAtWgt=          12           1           1           1           1
 AtmWgt=  12.0000000   1.0078250   1.0078250   1.0078250   1.0078250
 NucSpn=           0           1           1           1           1
 AtZEff=  -0.0000000  -0.0000000  -0.0000000  -0.0000000  -0.0000000
 NQMom=    0.0000000   0.0000000   0.0000000   0.0000000   0.0000000
 NMagM=    0.0000000   2.7928460   2.7928460   2.7928460   2.7928460
 AtZNuc=   6.0000000   1.0000000   1.0000000   1.0000000   1.0000000
 Leave Link  101 at Fri Sep  6 16:34:03 2024, MaxMem=   536870912 cpu:               0.5 elap:               0.1
 (Enter /Users/asuyarger/Applications/G16/g16/l103.exe)

 GradGradGradGradGradGradGradGradGradGradGradGradGradGradGradGradGradGrad
 Berny optimization.
 Initialization pass.
                           ----------------------------
                           !    Initial Parameters    !
                           ! (Angstroms and Degrees)  !
 --------------------------                            --------------------------
 ! Name  Definition              Value          Derivative Info.                !
 --------------------------------------------------------------------------------
 ! R1    R(1,2)                  1.07           estimate D2E/DX2                !
 ! R2    R(1,3)                  1.07           estimate D2E/DX2                !
 ! R3    R(1,4)                  1.07           estimate D2E/DX2                !
 ! R4    R(1,5)                  1.07           estimate D2E/DX2                !
 ! A1    A(2,1,3)              109.4712         estimate D2E/DX2                !
 ! A2    A(2,1,4)              109.4712         estimate D2E/DX2                !
 ! A3    A(2,1,5)              109.4712         estimate D2E/DX2                !
 ! A4    A(3,1,4)              109.4712         estimate D2E/DX2                !
 ! A5    A(3,1,5)              109.4712         estimate D2E/DX2                !
 ! A6    A(4,1,5)              109.4712         estimate D2E/DX2                !
 ! D1    D(2,1,4,3)           -120.0            estimate D2E/DX2                !
 ! D2    D(2,1,5,3)            120.0            estimate D2E/DX2                !
 ! D3    D(2,1,5,4)           -120.0            estimate D2E/DX2                !
 ! D4    D(3,1,5,4)            120.0            estimate D2E/DX2                !
 --------------------------------------------------------------------------------
 Trust Radius=3.00D-01 FncErr=1.00D-07 GrdErr=1.00D-06 EigMax=2.50D+02 EigMin=1.00D-04
 Number of steps in this run=     24 maximum allowed number of steps=    100.
 GradGradGradGradGradGradGradGradGradGradGradGradGradGradGradGradGradGrad

 Leave Link  103 at Fri Sep  6 16:34:03 2024, MaxMem=   536870912 cpu:               0.0 elap:               0.0
 (Enter /Users/asuyarger/Applications/G16/g16/l202.exe)
                          Input orientation:                          
 ---------------------------------------------------------------------
 Center     Atomic      Atomic             Coordinates (Angstroms)
 Number     Number       Type             X           Y           Z
 ---------------------------------------------------------------------
      1          6           0       -0.081374    0.280289    0.000000
      2          1           0        0.275280   -0.728521    0.000000
      3          1           0        0.275299    0.784688    0.873651
      4          1           0        0.275299    0.784688   -0.873651
      5          1           0       -1.151374    0.280302    0.000000
 ---------------------------------------------------------------------
                    Distance matrix (angstroms):
                    1          2          3          4          5
     1  C    0.000000
     2  H    1.070000   0.000000
     3  H    1.070000   1.747303   0.000000
     4  H    1.070000   1.747303   1.747303   0.000000
     5  H    1.070000   1.747303   1.747303   1.747303   0.000000
 Stoichiometry    CH4
 Framework group  TD[O(C),4C3(H)]
 Deg. of freedom     1
 Full point group                 TD      NOp  24
 Largest Abelian subgroup         D2      NOp   4
 Largest concise Abelian subgroup D2      NOp   4
                         Standard orientation:                         
 ---------------------------------------------------------------------
 Center     Atomic      Atomic             Coordinates (Angstroms)
 Number     Number       Type             X           Y           Z
 ---------------------------------------------------------------------
      1          6           0        0.000000    0.000000    0.000000
      2          1           0        0.617765    0.617765    0.617765
      3          1           0       -0.617765   -0.617765    0.617765
      4          1           0       -0.617765    0.617765   -0.617765
      5          1           0        0.617765   -0.617765   -0.617765
 ---------------------------------------------------------------------
 Rotational constants (GHZ):         164.2463651         164.2463651         164.2463651
 Leave Link  202 at Fri Sep  6 16:34:03 2024, MaxMem=   536870912 cpu:               0.0 elap:               0.0
 (Enter /Users/asuyarger/Applications/G16/g16/l301.exe)
 Standard basis: 6-311++G(2d,3p) (5D, 7F)
 Ernie: Thresh=  0.10000D-02 Tol=  0.10000D-05 Strict=F.
 There are    24 symmetry adapted cartesian basis functions of A   symmetry.
 There are    19 symmetry adapted cartesian basis functions of B1  symmetry.
 There are    19 symmetry adapted cartesian basis functions of B2  symmetry.
 There are    19 symmetry adapted cartesian basis functions of B3  symmetry.
 There are    22 symmetry adapted basis functions of A   symmetry.
 There are    19 symmetry adapted basis functions of B1  symmetry.
 There are    19 symmetry adapted basis functions of B2  symmetry.
 There are    19 symmetry adapted basis functions of B3  symmetry.
    79 basis functions,   102 primitive gaussians,    81 cartesian basis functions
     5 alpha electrons        5 beta electrons
       nuclear repulsion energy        13.6865179973 Hartrees.
 IExCor=  402 DFT=T Ex+Corr=B3LYP ExCW=0 ScaHFX=  0.200000
 ScaDFX=  0.800000  0.720000  1.000000  0.810000 ScalE2=  1.000000  1.000000
 IRadAn=      5 IRanWt=     -1 IRanGd=            0 ICorTp=0 IEmpDi=  4
 NAtoms=    5 NActive=    5 NUniq=    2 SFac= 4.00D+00 NAtFMM=   60 NAOKFM=F Big=F
 Integral buffers will be    131072 words long.
 Raffenetti 2 integral format.
 Two-electron integral symmetry is turned on.
 Leave Link  301 at Fri Sep  6 16:34:03 2024, MaxMem=   536870912 cpu:               0.1 elap:               0.0
 (Enter /Users/asuyarger/Applications/G16/g16/l302.exe)
 NPDir=0 NMtPBC=     1 NCelOv=     1 NCel=       1 NClECP=     1 NCelD=      1
         NCelK=      1 NCelE2=     1 NClLst=     1 CellRange=     0.0.
 One-electron integrals computed using PRISM.
 One-electron integral symmetry used in STVInt
 NBasis=    79 RedAO= T EigKep=  2.67D-04  NBF=    22    19    19    19
 NBsUse=    79 1.00D-06 EigRej= -1.00D+00 NBFU=    22    19    19    19
 Precomputing XC quadrature grid using
 IXCGrd= 4 IRadAn=           5 IRanWt=          -1 IRanGd=           0 AccXCQ= 0.00D+00.
 Generated NRdTot=       0 NPtTot=           0 NUsed=           0 NTot=          32
 NSgBfM=    81    81    81    81    81 MxSgAt=     5 MxSgA2=     5.
 Leave Link  302 at Fri Sep  6 16:34:03 2024, MaxMem=   536870912 cpu:               0.4 elap:               0.1
 (Enter /Users/asuyarger/Applications/G16/g16/l303.exe)
 DipDrv:  MaxL=1.
 Leave Link  303 at Fri Sep  6 16:34:03 2024, MaxMem=   536870912 cpu:               0.1 elap:               0.0
 (Enter /Users/asuyarger/Applications/G16/g16/l401.exe)
 ExpMin= 3.60D-02 ExpMax= 4.56D+03 ExpMxC= 6.82D+02 IAcc=3 IRadAn=         5 AccDes= 0.00D+00
 Harris functional with IExCor=  402 and IRadAn=       5 diagonalized for initial guess.
 HarFok:  IExCor=  402 AccDes= 0.00D+00 IRadAn=         5 IDoV= 1 UseB2=F ITyADJ=14
 ICtDFT=  3500011 ScaDFX=  1.000000  1.000000  1.000000  1.000000
 FoFCou: FMM=F IPFlag=           0 FMFlag=      100000 FMFlg1=           0
         NFxFlg=           0 DoJE=T BraDBF=F KetDBF=T FulRan=T
         wScrn=  0.000000 ICntrl=       500 IOpCl=  0 I1Cent=   200000004 NGrid=           0
         NMat0=    1 NMatS0=      1 NMatT0=    0 NMatD0=    1 NMtDS0=    0 NMtDT0=    0
 Petite list used in FoFCou.
 Harris En= -40.5908151859358    
 JPrj=0 DoOrth=F DoCkMO=F.
 Initial guess orbital symmetries:
       Occupied  (A1) (A1) (T2) (T2) (T2)
       Virtual   (A1) (T2) (T2) (T2) (T2) (T2) (T2) (A1) (T2) (T2)
                 (T2) (E) (E) (A1) (T2) (T2) (T2) (T2) (T2) (T2)
                 (T1) (T1) (T1) (A1) (T2) (T2) (T2) (A1) (T2) (T2)
                 (T2) (E) (E) (A1) (T2) (T2) (T2) (T1) (T1) (T1)
                 (T2) (T2) (T2) (T2) (T2) (T2) (E) (E) (A1) (T2)
                 (T2) (T2) (A1) (T2) (T2) (T2) (E) (E) (T2) (T2)
                 (T2) (T1) (T1) (T1) (T2) (T2) (T2) (E) (E) (A1)
                 (T2) (T2) (T2) (A1)
 The electronic state of the initial guess is 1-A1.
 Leave Link  401 at Fri Sep  6 16:34:04 2024, MaxMem=   536870912 cpu:               0.5 elap:               0.1
 (Enter /Users/asuyarger/Applications/G16/g16/l502.exe)
 Keep R1 ints in memory in symmetry-blocked form, NReq=8622477.
 FoFCou: FMM=F IPFlag=           0 FMFlag=           0 FMFlg1=           0
         NFxFlg=           0 DoJE=F BraDBF=F KetDBF=F FulRan=T
         wScrn=  0.000000 ICntrl=       600 IOpCl=  0 I1Cent=           0 NGrid=           0
         NMat0=    1 NMatS0=   3160 NMatT0=    0 NMatD0=    1 NMtDS0=    0 NMtDT0=    0
 Petite list used in FoFCou.
 Closed shell SCF:
 Using DIIS extrapolation, IDIIS=  1040.
 NGot=   536870912 LenX=   535596737 LenY=   535589735
 Requested convergence on RMS density matrix=1.00D-08 within 128 cycles.
 Requested convergence on MAX density matrix=1.00D-06.
 Requested convergence on             energy=1.00D-06.
 No special actions if energy rises.

 Cycle   1  Pass 1  IDiag  1:
 E= -40.4281978057219    
 DIIS: error= 5.23D-02 at cycle   1 NSaved=   1.
 NSaved= 1 IEnMin= 1 EnMin= -40.4281978057219     IErMin= 1 ErrMin= 5.23D-02
 ErrMax= 5.23D-02  0.00D+00 EMaxC= 1.00D-01 BMatC= 1.11D-01 BMatP= 1.11D-01
 IDIUse=3 WtCom= 4.77D-01 WtEn= 5.23D-01
 Coeff-Com:  0.100D+01
 Coeff-En:   0.100D+01
 Coeff:      0.100D+01
 Gap=     0.277 Goal=   None    Shift=    0.000
 GapD=    0.277 DampG=1.000 DampE=0.500 DampFc=0.5000 IDamp=-1.
 Damping current iteration by 5.00D-01
 RMSDP=4.49D-03 MaxDP=1.61D-01              OVMax= 2.16D-01

 Cycle   2  Pass 1  IDiag  1:
 E= -40.4766281443256     Delta-E=       -0.048430338604 Rises=F Damp=T
 DIIS: error= 7.13D-03 at cycle   2 NSaved=   2.
 NSaved= 2 IEnMin= 2 EnMin= -40.4766281443256     IErMin= 2 ErrMin= 7.13D-03
 ErrMax= 7.13D-03  0.00D+00 EMaxC= 1.00D-01 BMatC= 2.11D-03 BMatP= 1.11D-01
 IDIUse=3 WtCom= 9.29D-01 WtEn= 7.13D-02
 Coeff-Com:  0.620D-01 0.938D+00
 Coeff-En:   0.134D+00 0.866D+00
 Coeff:      0.672D-01 0.933D+00
 Gap=     0.388 Goal=   None    Shift=    0.000
 RMSDP=4.45D-04 MaxDP=5.46D-03 DE=-4.84D-02 OVMax= 1.18D-01

 Cycle   3  Pass 1  IDiag  1:
 E= -40.5355060673479     Delta-E=       -0.058877923022 Rises=F Damp=F
 DIIS: error= 9.18D-04 at cycle   3 NSaved=   3.
 NSaved= 3 IEnMin= 3 EnMin= -40.5355060673479     IErMin= 3 ErrMin= 9.18D-04
 ErrMax= 9.18D-04  0.00D+00 EMaxC= 1.00D-01 BMatC= 2.43D-05 BMatP= 2.11D-03
 IDIUse=3 WtCom= 9.91D-01 WtEn= 9.18D-03
 Coeff-Com: -0.126D-01 0.111D-01 0.100D+01
 Coeff-En:   0.000D+00 0.000D+00 0.100D+01
 Coeff:     -0.125D-01 0.110D-01 0.100D+01
 Gap=     0.394 Goal=   None    Shift=    0.000
 RMSDP=6.75D-05 MaxDP=1.53D-03 DE=-5.89D-02 OVMax= 2.12D-03

 Cycle   4  Pass 1  IDiag  1:
 E= -40.5355347467008     Delta-E=       -0.000028679353 Rises=F Damp=F
 DIIS: error= 1.55D-04 at cycle   4 NSaved=   4.
 NSaved= 4 IEnMin= 4 EnMin= -40.5355347467008     IErMin= 4 ErrMin= 1.55D-04
 ErrMax= 1.55D-04  0.00D+00 EMaxC= 1.00D-01 BMatC= 7.00D-07 BMatP= 2.43D-05
 IDIUse=3 WtCom= 9.98D-01 WtEn= 1.55D-03
 Coeff-Com:  0.153D-02-0.241D-02 0.491D-01 0.952D+00
 Coeff-En:   0.000D+00 0.000D+00 0.000D+00 0.100D+01
 Coeff:      0.153D-02-0.241D-02 0.491D-01 0.952D+00
 Gap=     0.394 Goal=   None    Shift=    0.000
 RMSDP=6.67D-06 MaxDP=2.07D-04 DE=-2.87D-05 OVMax= 2.79D-04

 Cycle   5  Pass 1  IDiag  1:
 E= -40.5355355068197     Delta-E=       -0.000000760119 Rises=F Damp=F
 DIIS: error= 1.35D-06 at cycle   5 NSaved=   5.
 NSaved= 5 IEnMin= 5 EnMin= -40.5355355068197     IErMin= 5 ErrMin= 1.35D-06
 ErrMax= 1.35D-06  0.00D+00 EMaxC= 1.00D-01 BMatC= 1.08D-10 BMatP= 7.00D-07
 IDIUse=1 WtCom= 1.00D+00 WtEn= 0.00D+00
 Coeff-Com: -0.185D-04-0.414D-04-0.868D-03-0.751D-03 0.100D+01
 Coeff:     -0.185D-04-0.414D-04-0.868D-03-0.751D-03 0.100D+01
 Gap=     0.394 Goal=   None    Shift=    0.000
 RMSDP=3.35D-07 MaxDP=9.09D-06 DE=-7.60D-07 OVMax= 4.40D-06

 Cycle   6  Pass 1  IDiag  1:
 E= -40.5355355069515     Delta-E=       -0.000000000132 Rises=F Damp=F
 DIIS: error= 1.47D-07 at cycle   6 NSaved=   6.
 NSaved= 6 IEnMin= 6 EnMin= -40.5355355069515     IErMin= 6 ErrMin= 1.47D-07
 ErrMax= 1.47D-07  0.00D+00 EMaxC= 1.00D-01 BMatC= 9.04D-13 BMatP= 1.08D-10
 IDIUse=1 WtCom= 1.00D+00 WtEn= 0.00D+00
 Coeff-Com:  0.659D-06-0.445D-05-0.830D-04-0.138D-02-0.275D-01 0.103D+01
 Coeff:      0.659D-06-0.445D-05-0.830D-04-0.138D-02-0.275D-01 0.103D+01
 Gap=     0.394 Goal=   None    Shift=    0.000
 RMSDP=1.55D-08 MaxDP=3.62D-07 DE=-1.32D-10 OVMax= 3.00D-07

 Cycle   7  Pass 1  IDiag  1:
 E= -40.5355355069517     Delta-E=       -0.000000000000 Rises=F Damp=F
 DIIS: error= 8.28D-09 at cycle   7 NSaved=   7.
 NSaved= 7 IEnMin= 7 EnMin= -40.5355355069517     IErMin= 7 ErrMin= 8.28D-09
 ErrMax= 8.28D-09  0.00D+00 EMaxC= 1.00D-01 BMatC= 1.81D-15 BMatP= 9.04D-13
 IDIUse=1 WtCom= 1.00D+00 WtEn= 0.00D+00
 Coeff-Com: -0.324D-07 0.143D-06 0.834D-05-0.358D-04-0.196D-02 0.185D-02
 Coeff-Com:  0.100D+01
 Coeff:     -0.324D-07 0.143D-06 0.834D-05-0.358D-04-0.196D-02 0.185D-02
 Coeff:      0.100D+01
 Gap=     0.394 Goal=   None    Shift=    0.000
 RMSDP=7.58D-10 MaxDP=1.07D-08 DE=-1.85D-13 OVMax= 1.79D-08

 SCF Done:  E(RB3LYP) =  -40.5355355070     A.U. after    7 cycles
            NFock=  7  Conv=0.76D-09     -V/T= 2.0034
 KE= 4.039975733385D+01 PE=-1.207160743445D+02 EE= 2.609426350642D+01
 Leave Link  502 at Fri Sep  6 16:34:04 2024, MaxMem=   536870912 cpu:               1.4 elap:               0.4
 (Enter /Users/asuyarger/Applications/G16/g16/l601.exe)
 Copying SCF densities to generalized density rwf, IOpCl= 0 IROHF=0.

 **********************************************************************

            Population analysis using the SCF density.

 **********************************************************************

 Orbital symmetries:
       Occupied  (A1) (A1) (T2) (T2) (T2)
       Virtual   (A1) (T2) (T2) (T2) (T2) (T2) (T2) (A1) (T2) (T2)
                 (T2) (E) (E) (A1) (T2) (T2) (T2) (T1) (T1) (T1)
                 (A1) (T2) (T2) (T2) (T2) (T2) (T2) (T2) (T2) (T2)
                 (A1) (E) (E) (A1) (T2) (T2) (T2) (T1) (T1) (T1)
                 (T2) (T2) (T2) (E) (E) (T2) (T2) (T2) (A1) (T2)
                 (T2) (T2) (A1) (T2) (T2) (T2) (E) (E) (T2) (T2)
                 (T2) (T1) (T1) (T1) (T2) (T2) (T2) (E) (E) (A1)
                 (T2) (T2) (T2) (A1)
 The electronic state is 1-A1.
 Alpha  occ. eigenvalues --  -10.14252  -0.70274  -0.39888  -0.39888  -0.39888
 Alpha virt. eigenvalues --   -0.00465   0.03878   0.03878   0.03878   0.09033
 Alpha virt. eigenvalues --    0.09033   0.09033   0.11703   0.18843   0.18843
 Alpha virt. eigenvalues --    0.18843   0.27470   0.27470   0.27549   0.34582
 Alpha virt. eigenvalues --    0.34582   0.34582   0.51349   0.51349   0.51349
 Alpha virt. eigenvalues --    0.54237   0.54676   0.54676   0.54676   0.76670
 Alpha virt. eigenvalues --    0.76670   0.76670   0.80696   0.80696   0.80696
 Alpha virt. eigenvalues --    0.83169   0.95559   0.95559   1.04847   1.26964
 Alpha virt. eigenvalues --    1.26964   1.26964   1.78981   1.78981   1.78981
 Alpha virt. eigenvalues --    1.91498   1.91498   1.91498   2.32104   2.32104
 Alpha virt. eigenvalues --    2.34893   2.34893   2.34893   2.65424   2.83531
 Alpha virt. eigenvalues --    2.83531   2.83531   3.19762   3.39009   3.39009
 Alpha virt. eigenvalues --    3.39009   3.50245   3.50245   4.20155   4.20155
 Alpha virt. eigenvalues --    4.20155   8.29539   8.29539   8.29539   8.34396
 Alpha virt. eigenvalues --    8.34396   8.34396   8.41767   8.41767   8.45197
 Alpha virt. eigenvalues --    8.66954   8.66954   8.66954  24.13692
     Molecular Orbital Coefficients:
                           1         2         3         4         5
                        (A1)--O   (A1)--O   (T2)--O   (T2)--O   (T2)--O
     Eigenvalues --   -10.14252  -0.70274  -0.39888  -0.39888  -0.39888
   1 1   C  1S          0.56290  -0.10948   0.00000   0.00000   0.00000
   2        2S          0.46292  -0.16999   0.00000   0.00000   0.00000
   3        2PX         0.00000   0.00000   0.20861   0.00000   0.00000
   4        2PY         0.00000   0.00000   0.00000   0.00000   0.20861
   5        2PZ         0.00000   0.00000   0.00000   0.20861   0.00000
   6        3S          0.02137   0.44300   0.00000   0.00000   0.00000
   7        3PX         0.00000   0.00000   0.28770   0.00000   0.00000
   8        3PY         0.00000   0.00000   0.00000   0.00000   0.28770
   9        3PZ         0.00000   0.00000   0.00000   0.28770   0.00000
  10        4S         -0.00802   0.19163   0.00000   0.00000   0.00000
  11        4PX         0.00000   0.00000   0.17051   0.00000   0.00000
  12        4PY         0.00000   0.00000   0.00000   0.00000   0.17051
  13        4PZ         0.00000   0.00000   0.00000   0.17051   0.00000
  14        5S         -0.01442  -0.02481   0.00000   0.00000   0.00000
  15        5PX         0.00000   0.00000  -0.00160   0.00000   0.00000
  16        5PY         0.00000   0.00000   0.00000   0.00000  -0.00160
  17        5PZ         0.00000   0.00000   0.00000  -0.00160   0.00000
  18        6D 0        0.00000   0.00000   0.00000   0.00000   0.00000
  19        6D+1        0.00000   0.00000   0.00000   0.00000   0.01543
  20        6D-1        0.00000   0.00000   0.01543   0.00000   0.00000
  21        6D+2       -0.00000  -0.00000   0.00000   0.00000   0.00000
  22        6D-2        0.00000   0.00000   0.00000   0.01543   0.00000
  23        7D 0       -0.00000  -0.00000   0.00000   0.00000   0.00000
  24        7D+1        0.00000   0.00000   0.00000   0.00000   0.00737
  25        7D-1        0.00000   0.00000   0.00737   0.00000   0.00000
  26        7D+2       -0.00000   0.00000   0.00000   0.00000   0.00000
  27        7D-2        0.00000   0.00000   0.00000   0.00737   0.00000
  28 2   H  1S          0.00037   0.08779   0.10739   0.10739   0.10739
  29        2S         -0.00455   0.10426   0.15211   0.15211   0.15211
  30        3S          0.00539   0.02688   0.08103   0.08103   0.08103
  31        4S          0.00171   0.00460   0.01288   0.01288   0.01288
  32        5PX        -0.00019  -0.00176  -0.00070  -0.00230  -0.00230
  33        5PY        -0.00019  -0.00176  -0.00230  -0.00230  -0.00070
  34        5PZ        -0.00019  -0.00176  -0.00230  -0.00070  -0.00230
  35        6PX         0.00154  -0.00685   0.00250  -0.00772  -0.00772
  36        6PY         0.00154  -0.00685  -0.00772  -0.00772   0.00250
  37        6PZ         0.00154  -0.00685  -0.00772   0.00250  -0.00772
  38        7PX        -0.00015  -0.00541   0.00104  -0.00570  -0.00570
  39        7PY        -0.00015  -0.00541  -0.00570  -0.00570   0.00104
  40        7PZ        -0.00015  -0.00541  -0.00570   0.00104  -0.00570
  41 3   H  1S          0.00037   0.08779  -0.10739   0.10739  -0.10739
  42        2S         -0.00455   0.10426  -0.15211   0.15211  -0.15211
  43        3S          0.00539   0.02688  -0.08103   0.08103  -0.08103
  44        4S          0.00171   0.00460  -0.01288   0.01288  -0.01288
  45        5PX         0.00019   0.00176  -0.00070   0.00230  -0.00230
  46        5PY         0.00019   0.00176  -0.00230   0.00230  -0.00070
  47        5PZ        -0.00019  -0.00176   0.00230  -0.00070   0.00230
  48        6PX        -0.00154   0.00685   0.00250   0.00772  -0.00772
  49        6PY        -0.00154   0.00685  -0.00772   0.00772   0.00250
  50        6PZ         0.00154  -0.00685   0.00772   0.00250   0.00772
  51        7PX         0.00015   0.00541   0.00104   0.00570  -0.00570
  52        7PY         0.00015   0.00541  -0.00570   0.00570   0.00104
  53        7PZ        -0.00015  -0.00541   0.00570   0.00104   0.00570
  54 4   H  1S          0.00037   0.08779  -0.10739  -0.10739   0.10739
  55        2S         -0.00455   0.10426  -0.15211  -0.15211   0.15211
  56        3S          0.00539   0.02688  -0.08103  -0.08103   0.08103
  57        4S          0.00171   0.00460  -0.01288  -0.01288   0.01288
  58        5PX         0.00019   0.00176  -0.00070  -0.00230   0.00230
  59        5PY        -0.00019  -0.00176   0.00230   0.00230  -0.00070
  60        5PZ         0.00019   0.00176  -0.00230  -0.00070   0.00230
  61        6PX        -0.00154   0.00685   0.00250  -0.00772   0.00772
  62        6PY         0.00154  -0.00685   0.00772   0.00772   0.00250
  63        6PZ        -0.00154   0.00685  -0.00772   0.00250   0.00772
  64        7PX         0.00015   0.00541   0.00104  -0.00570   0.00570
  65        7PY        -0.00015  -0.00541   0.00570   0.00570   0.00104
  66        7PZ         0.00015   0.00541  -0.00570   0.00104   0.00570
  67 5   H  1S          0.00037   0.08779   0.10739  -0.10739  -0.10739
  68        2S         -0.00455   0.10426   0.15211  -0.15211  -0.15211
  69        3S          0.00539   0.02688   0.08103  -0.08103  -0.08103
  70        4S          0.00171   0.00460   0.01288  -0.01288  -0.01288
  71        5PX        -0.00019  -0.00176  -0.00070   0.00230   0.00230
  72        5PY         0.00019   0.00176   0.00230  -0.00230  -0.00070
  73        5PZ         0.00019   0.00176   0.00230  -0.00070  -0.00230
  74        6PX         0.00154  -0.00685   0.00250   0.00772   0.00772
  75        6PY        -0.00154   0.00685   0.00772  -0.00772   0.00250
  76        6PZ        -0.00154   0.00685   0.00772   0.00250  -0.00772
  77        7PX        -0.00015  -0.00541   0.00104   0.00570   0.00570
  78        7PY         0.00015   0.00541   0.00570  -0.00570   0.00104
  79        7PZ         0.00015   0.00541   0.00570   0.00104  -0.00570
                           6         7         8         9        10
                        (A1)--V   (T2)--V   (T2)--V   (T2)--V   (T2)--V
     Eigenvalues --    -0.00465   0.03878   0.03878   0.03878   0.09033
   1 1   C  1S         -0.03502   0.00000   0.00000   0.00000   0.00000
   2        2S         -0.05667   0.00000   0.00000   0.00000   0.00000
   3        2PX         0.00000  -0.07154   0.00000   0.00000   0.00000
   4        2PY         0.00000   0.00000   0.00000  -0.07154   0.00949
   5        2PZ         0.00000   0.00000  -0.07154   0.00000   0.00000
   6        3S          0.16002   0.00000   0.00000   0.00000   0.00000
   7        3PX         0.00000  -0.08398   0.00000   0.00000   0.00000
   8        3PY         0.00000   0.00000   0.00000  -0.08398   0.02044
   9        3PZ         0.00000   0.00000  -0.08398   0.00000   0.00000
  10        4S          1.01821   0.00000   0.00000   0.00000   0.00000
  11        4PX         0.00000   0.47871   0.00000   0.00000   0.00000
  12        4PY         0.00000   0.00000   0.00000   0.47871   0.74092
  13        4PZ         0.00000   0.00000   0.47871   0.00000   0.00000
  14        5S          4.53397   0.00000   0.00000   0.00000   0.00000
  15        5PX         0.00000  -0.79460   0.00000   0.00000   0.00000
  16        5PY         0.00000   0.00000   0.00000  -0.79460   3.50034
  17        5PZ         0.00000   0.00000  -0.79460   0.00000   0.00000
  18        6D 0        0.00000   0.00000   0.00000   0.00000   0.00000
  19        6D+1        0.00000   0.00000   0.00000  -0.00406  -0.01521
  20        6D-1        0.00000  -0.00406   0.00000   0.00000   0.00000
  21        6D+2       -0.00000   0.00000   0.00000   0.00000   0.00000
  22        6D-2        0.00000   0.00000  -0.00406   0.00000   0.00000
  23        7D 0       -0.00000   0.00000   0.00000   0.00000   0.00000
  24        7D+1        0.00000   0.00000   0.00000   0.06688  -0.01213
  25        7D-1        0.00000   0.06688   0.00000   0.00000   0.00000
  26        7D+2       -0.00000   0.00000   0.00000   0.00000   0.00000
  27        7D-2        0.00000   0.00000   0.06688   0.00000   0.00000
  28 2   H  1S          0.00216  -0.01073  -0.01073  -0.01073  -0.03360
  29        2S         -0.02150  -0.10571  -0.10571  -0.10571  -0.08943
  30        3S         -0.53480  -0.55477  -0.55477  -0.55477  -1.22546
  31        4S         -1.18324   2.29524   2.29524   2.29524  -2.78707
  32        5PX        -0.00077   0.00039   0.00088   0.00088   0.00037
  33        5PY        -0.00077   0.00088   0.00088   0.00039   0.00041
  34        5PZ        -0.00077   0.00088   0.00039   0.00088   0.00037
  35        6PX        -0.00543   0.00522   0.00525   0.00525  -0.00996
  36        6PY        -0.00543   0.00525   0.00525   0.00522   0.00883
  37        6PZ        -0.00543   0.00525   0.00522   0.00525  -0.00996
  38        7PX         0.02367   0.06812   0.09812   0.09812   0.09711
  39        7PY         0.02367   0.09812   0.09812   0.06812   0.03771
  40        7PZ         0.02367   0.09812   0.06812   0.09812   0.09711
  41 3   H  1S          0.00216   0.01073  -0.01073   0.01073   0.03360
  42        2S         -0.02150   0.10571  -0.10571   0.10571   0.08943
  43        3S         -0.53480   0.55477  -0.55477   0.55477   1.22546
  44        4S         -1.18324  -2.29524   2.29524  -2.29524   2.78707
  45        5PX         0.00077   0.00039  -0.00088   0.00088   0.00037
  46        5PY         0.00077   0.00088  -0.00088   0.00039   0.00041
  47        5PZ        -0.00077  -0.00088   0.00039  -0.00088  -0.00037
  48        6PX         0.00543   0.00522  -0.00525   0.00525  -0.00996
  49        6PY         0.00543   0.00525  -0.00525   0.00522   0.00883
  50        6PZ        -0.00543  -0.00525   0.00522  -0.00525   0.00996
  51        7PX        -0.02367   0.06812  -0.09812   0.09812   0.09711
  52        7PY        -0.02367   0.09812  -0.09812   0.06812   0.03771
  53        7PZ         0.02367  -0.09812   0.06812  -0.09812  -0.09711
  54 4   H  1S          0.00216   0.01073   0.01073  -0.01073  -0.03360
  55        2S         -0.02150   0.10571   0.10571  -0.10571  -0.08943
  56        3S         -0.53480   0.55477   0.55477  -0.55477  -1.22546
  57        4S         -1.18324  -2.29524  -2.29524   2.29524  -2.78707
  58        5PX         0.00077   0.00039   0.00088  -0.00088  -0.00037
  59        5PY        -0.00077  -0.00088  -0.00088   0.00039   0.00041
  60        5PZ         0.00077   0.00088   0.00039  -0.00088  -0.00037
  61        6PX         0.00543   0.00522   0.00525  -0.00525   0.00996
  62        6PY        -0.00543  -0.00525  -0.00525   0.00522   0.00883
  63        6PZ         0.00543   0.00525   0.00522  -0.00525   0.00996
  64        7PX        -0.02367   0.06812   0.09812  -0.09812  -0.09711
  65        7PY         0.02367  -0.09812  -0.09812   0.06812   0.03771
  66        7PZ        -0.02367   0.09812   0.06812  -0.09812  -0.09711
  67 5   H  1S          0.00216  -0.01073   0.01073   0.01073   0.03360
  68        2S         -0.02150  -0.10571   0.10571   0.10571   0.08943
  69        3S         -0.53480  -0.55477   0.55477   0.55477   1.22546
  70        4S         -1.18324   2.29524  -2.29524  -2.29524   2.78707
  71        5PX        -0.00077   0.00039  -0.00088  -0.00088  -0.00037
  72        5PY         0.00077  -0.00088   0.00088   0.00039   0.00041
  73        5PZ         0.00077  -0.00088   0.00039   0.00088   0.00037
  74        6PX        -0.00543   0.00522  -0.00525  -0.00525   0.00996
  75        6PY         0.00543  -0.00525   0.00525   0.00522   0.00883
  76        6PZ         0.00543  -0.00525   0.00522   0.00525  -0.00996
  77        7PX         0.02367   0.06812  -0.09812  -0.09812  -0.09711
  78        7PY        -0.02367  -0.09812   0.09812   0.06812   0.03771
  79        7PZ        -0.02367  -0.09812   0.06812   0.09812   0.09711
                          11        12        13        14        15
                        (T2)--V   (T2)--V   (A1)--V   (T2)--V   (T2)--V
     Eigenvalues --     0.09033   0.09033   0.11703   0.18843   0.18843
   1 1   C  1S          0.00000   0.00000   0.04514   0.00000   0.00000
   2        2S          0.00000   0.00000   0.07642   0.00000   0.00000
   3        2PX         0.00000   0.00949   0.00000   0.00000   0.15913
   4        2PY         0.00000   0.00000   0.00000   0.00000   0.00000
   5        2PZ         0.00949   0.00000   0.00000   0.15913   0.00000
   6        3S          0.00000   0.00000  -0.29766   0.00000   0.00000
   7        3PX         0.00000   0.02044   0.00000   0.00000   0.30184
   8        3PY         0.00000   0.00000   0.00000   0.00000   0.00000
   9        3PZ         0.02044   0.00000   0.00000   0.30184   0.00000
  10        4S          0.00000   0.00000   3.26205   0.00000   0.00000
  11        4PX         0.00000   0.74092   0.00000   0.00000   2.56729
  12        4PY         0.00000   0.00000   0.00000   0.00000   0.00000
  13        4PZ         0.74092   0.00000   0.00000   2.56729   0.00000
  14        5S          0.00000   0.00000  16.87711   0.00000   0.00000
  15        5PX         0.00000   3.50034   0.00000   0.00000  -1.85718
  16        5PY         0.00000   0.00000   0.00000   0.00000   0.00000
  17        5PZ         3.50034   0.00000   0.00000  -1.85718   0.00000
  18        6D 0        0.00000   0.00000   0.00000   0.00000   0.00000
  19        6D+1        0.00000   0.00000   0.00000   0.00000   0.00000
  20        6D-1        0.00000  -0.01521   0.00000   0.00000  -0.01569
  21        6D+2        0.00000   0.00000  -0.00000   0.00000   0.00000
  22        6D-2       -0.01521   0.00000   0.00000  -0.01569   0.00000
  23        7D 0        0.00000   0.00000  -0.00000   0.00000   0.00000
  24        7D+1        0.00000   0.00000   0.00000   0.00000   0.00000
  25        7D-1        0.00000  -0.01213   0.00000   0.00000   0.17388
  26        7D+2        0.00000   0.00000  -0.00000   0.00000   0.00000
  27        7D-2       -0.01213   0.00000   0.00000   0.17388   0.00000
  28 2   H  1S         -0.03360  -0.03360   0.00554  -0.01341  -0.01341
  29        2S         -0.08943  -0.08943  -0.08509  -0.35964  -0.35964
  30        3S         -1.22546  -1.22546  -2.34411  -2.29684  -2.29684
  31        4S         -2.78707  -2.78707  -3.07695   2.97806   2.97806
  32        5PX         0.00037   0.00041   0.00178  -0.00286  -0.00040
  33        5PY         0.00037   0.00037   0.00178  -0.00286  -0.00286
  34        5PZ         0.00041   0.00037   0.00178  -0.00040  -0.00286
  35        6PX        -0.00996   0.00883   0.00229  -0.00246   0.00914
  36        6PY        -0.00996  -0.00996   0.00229  -0.00246  -0.00246
  37        6PZ         0.00883  -0.00996   0.00229   0.00914  -0.00246
  38        7PX         0.09711   0.03771   0.21999   0.21852   0.14256
  39        7PY         0.09711   0.09711   0.21999   0.21852   0.21852
  40        7PZ         0.03771   0.09711   0.21999   0.14256   0.21852
  41 3   H  1S         -0.03360   0.03360   0.00554  -0.01341   0.01341
  42        2S         -0.08943   0.08943  -0.08509  -0.35964   0.35964
  43        3S         -1.22546   1.22546  -2.34411  -2.29684   2.29684
  44        4S         -2.78707   2.78707  -3.07695   2.97806  -2.97806
  45        5PX        -0.00037   0.00041  -0.00178   0.00286  -0.00040
  46        5PY        -0.00037   0.00037  -0.00178   0.00286  -0.00286
  47        5PZ         0.00041  -0.00037   0.00178  -0.00040   0.00286
  48        6PX         0.00996   0.00883  -0.00229   0.00246   0.00914
  49        6PY         0.00996  -0.00996  -0.00229   0.00246  -0.00246
  50        6PZ         0.00883   0.00996   0.00229   0.00914   0.00246
  51        7PX        -0.09711   0.03771  -0.21999  -0.21852   0.14256
  52        7PY        -0.09711   0.09711  -0.21999  -0.21852   0.21852
  53        7PZ         0.03771  -0.09711   0.21999   0.14256  -0.21852
  54 4   H  1S          0.03360   0.03360   0.00554   0.01341   0.01341
  55        2S          0.08943   0.08943  -0.08509   0.35964   0.35964
  56        3S          1.22546   1.22546  -2.34411   2.29684   2.29684
  57        4S          2.78707   2.78707  -3.07695  -2.97806  -2.97806
  58        5PX         0.00037   0.00041  -0.00178  -0.00286  -0.00040
  59        5PY        -0.00037  -0.00037   0.00178   0.00286   0.00286
  60        5PZ         0.00041   0.00037  -0.00178  -0.00040  -0.00286
  61        6PX        -0.00996   0.00883  -0.00229  -0.00246   0.00914
  62        6PY         0.00996   0.00996   0.00229   0.00246   0.00246
  63        6PZ         0.00883  -0.00996  -0.00229   0.00914  -0.00246
  64        7PX         0.09711   0.03771  -0.21999   0.21852   0.14256
  65        7PY        -0.09711  -0.09711   0.21999  -0.21852  -0.21852
  66        7PZ         0.03771   0.09711  -0.21999   0.14256   0.21852
  67 5   H  1S          0.03360  -0.03360   0.00554   0.01341  -0.01341
  68        2S          0.08943  -0.08943  -0.08509   0.35964  -0.35964
  69        3S          1.22546  -1.22546  -2.34411   2.29684  -2.29684
  70        4S          2.78707  -2.78707  -3.07695  -2.97806   2.97806
  71        5PX        -0.00037   0.00041   0.00178   0.00286  -0.00040
  72        5PY         0.00037  -0.00037  -0.00178  -0.00286   0.00286
  73        5PZ         0.00041  -0.00037  -0.00178  -0.00040   0.00286
  74        6PX         0.00996   0.00883   0.00229   0.00246   0.00914
  75        6PY        -0.00996   0.00996  -0.00229  -0.00246   0.00246
  76        6PZ         0.00883   0.00996  -0.00229   0.00914   0.00246
