 Entering Gaussian System, Link 0=g16
 Input=/Users/asuyarger/Downloads/CH4_HF_6311pp2d3p_Opt_Freq_Full_NBO_Raman.gjf
 Output=/Users/asuyarger/Downloads/CH4_HF_6311pp2d3p_Opt_Freq_Full_NBO_Raman.log
 Initial command:
 /Users/asuyarger/Applications/G16/g16/l1.exe "/Users/asuyarger/Applications/G16/scratch/Gau-92863.inp" -scrdir="/Users/asuyarger/Applications/G16/scratch/"
 Entering Link 1 = /Users/asuyarger/Applications/G16/g16/l1.exe PID=     92864.
  
 Copyright (c) 1988,1990,1992,1993,1995,1998,2003,2009,2016,
            Gaussian, Inc.  All Rights Reserved.
  
 This is part of the Gaussian(R) 16 program.  It is based on
 the Gaussian(R) 09 system (copyright 2009, Gaussian, Inc.),
 the Gaussian(R) 03 system (copyright 2003, Gaussian, Inc.),
 the Gaussian(R) 98 system (copyright 1998, Gaussian, Inc.),
 the Gaussian(R) 94 system (copyright 1995, Gaussian, Inc.),
 the Gaussian 92(TM) system (copyright 1992, Gaussian, Inc.),
 the Gaussian 90(TM) system (copyright 1990, Gaussian, Inc.),
 the Gaussian 88(TM) system (copyright 1988, Gaussian, Inc.),
 the Gaussian 86(TM) system (copyright 1986, Carnegie Mellon
 University), and the Gaussian 82(TM) system (copyright 1983,
 Carnegie Mellon University). Gaussian is a federally registered
 trademark of Gaussian, Inc.
  
 This software contains proprietary and confidential information,
 including trade secrets, belonging to Gaussian, Inc.
  
 This software is provided under written license and may be
 used, copied, transmitted, or stored only in accord with that
 written license.
  
 The following legend is applicable only to US Government
 contracts under FAR:
  
                    RESTRICTED RIGHTS LEGEND
  
 Use, reproduction and disclosure by the US Government is
 subject to restrictions as set forth in subparagraphs (a)
 and (c) of the Commercial Computer Software - Restricted
 Rights clause in FAR 52.227-19.
  
 Gaussian, Inc.
 340 Quinnipiac St., Bldg. 40, Wallingford CT 06492
  
  
 ---------------------------------------------------------------
 Warning -- This program may not be used in any manner that
 competes with the business of Gaussian, Inc. or will provide
 assistance to any competitor of Gaussian, Inc.  The licensee
 of this program is prohibited from giving any competitor of
 Gaussian, Inc. access to this program.  By using this program,
 the user acknowledges that Gaussian, Inc. is engaged in the
 business of creating and licensing software in the field of
 computational chemistry and represents and warrants to the
 licensee that it is not a competitor of Gaussian, Inc. and that
 it will not use this program in any manner prohibited above.
 ---------------------------------------------------------------
  

 Cite this work as:
 Gaussian 16, Revision A.03,
 M. J. Frisch, G. W. Trucks, H. B. Schlegel, G. E. Scuseria, 
 M. A. Robb, J. R. Cheeseman, G. Scalmani, V. Barone, 
 G. A. Petersson, H. Nakatsuji, X. Li, M. Caricato, A. V. Marenich, 
 J. Bloino, B. G. Janesko, R. Gomperts, B. Mennucci, H. P. Hratchian, 
 J. V. Ortiz, A. F. Izmaylov, J. L. Sonnenberg, D. Williams-Young, 
 F. Ding, F. Lipparini, F. Egidi, J. Goings, B. Peng, A. Petrone, 
 T. Henderson, D. Ranasinghe, V. G. Zakrzewski, J. Gao, N. Rega, 
 G. Zheng, W. Liang, M. Hada, M. Ehara, K. Toyota, R. Fukuda, 
 J. Hasegawa, M. Ishida, T. Nakajima, Y. Honda, O. Kitao, H. Nakai, 
 T. Vreven, K. Throssell, J. A. Montgomery, Jr., J. E. Peralta, 
 F. Ogliaro, M. J. Bearpark, J. J. Heyd, E. N. Brothers, K. N. Kudin, 
 V. N. Staroverov, T. A. Keith, R. Kobayashi, J. Normand, 
 K. Raghavachari, A. P. Rendell, J. C. Burant, S. S. Iyengar, 
 J. Tomasi, M. Cossi, J. M. Millam, M. Klene, C. Adamo, R. Cammi, 
 J. W. Ochterski, R. L. Martin, K. Morokuma, O. Farkas, 
 J. B. Foresman, and D. J. Fox, Gaussian, Inc., Wallingford CT, 2016.
 
 ******************************************
 Gaussian 16:  EM64M-G16RevA.03 25-Dec-2016
                 6-Sep-2024 
 ******************************************
 %nprocshared=4
 Will use up to    4 processors via shared memory.
 %mem=4GB
 %chk=CH4_HF_6311pp2d3p_Opt_Freq_Full_NBO_Raman.chk
 ----------------------------------------------------------------------
 #p opt=tight freq=raman hf/6-311++g(2d,3p) guess=save pop=(hirshfeld,f
 ull,nbo) geom=connectivity polar
 ----------------------------------------------------------------------
 1/7=10,18=20,19=15,38=1,57=2/1,3;
 2/9=110,12=2,17=6,18=5,40=1/2;
 3/5=4,6=6,7=1512,11=9,25=1,30=1,71=1/1,2,3;
 4//1;
 5/5=2,38=5,98=1/2;
 6/7=3,28=1,40=1,79=1/1,7;
 7//1,2,3,16;
 1/7=10,18=20,19=15/3(2);
 2/9=110/2;
 99//99;
 2/9=110/2;
 3/5=4,6=6,7=1512,11=9,25=1,30=1,71=1/1,2,3;
 4/5=5,16=3,69=1/1;
 5/5=2,38=5,98=1/2;
 7//1,2,3,16;
 1/7=10,18=20,19=15/3(-5);
 2/9=110/2;
 6/7=3,19=2,28=1,40=1,79=1/1,7;
 99/9=1/99;
 Leave Link    1 at Fri Sep  6 16:33:16 2024, MaxMem=   536870912 cpu:               0.1 elap:               0.0
 (Enter /Users/asuyarger/Applications/G16/g16/l101.exe)
 --------------------------------------------
 CH4 HF 6-311++g(2d,3p) Opt Freq - Full - NBO
 --------------------------------------------
 Symbolic Z-matrix:
 Charge =  0 Multiplicity = 1
 C                    -0.08137   0.28029   0. 
 H                     0.27528  -0.72852   0. 
 H                     0.2753    0.78469   0.87365 
 H                     0.2753    0.78469  -0.87365 
 H                    -1.15137   0.2803    0. 
 
 ITRead=  0  0  0  0  0
 MicOpt= -1 -1 -1 -1 -1
 NAtoms=      5 NQM=        5 NQMF=       0 NMMI=      0 NMMIF=      0
                NMic=       0 NMicF=      0.
                    Isotopes and Nuclear Properties:
 (Nuclear quadrupole moments (NQMom) in fm**2, nuclear magnetic moments (NMagM)
  in nuclear magnetons)

  Atom         1           2           3           4           5
 IAtWgt=          12           1           1           1           1
 AtmWgt=  12.0000000   1.0078250   1.0078250   1.0078250   1.0078250
 NucSpn=           0           1           1           1           1
 AtZEff=  -0.0000000  -0.0000000  -0.0000000  -0.0000000  -0.0000000
 NQMom=    0.0000000   0.0000000   0.0000000   0.0000000   0.0000000
 NMagM=    0.0000000   2.7928460   2.7928460   2.7928460   2.7928460
 AtZNuc=   6.0000000   1.0000000   1.0000000   1.0000000   1.0000000
 Leave Link  101 at Fri Sep  6 16:33:16 2024, MaxMem=   536870912 cpu:               0.5 elap:               0.1
 (Enter /Users/asuyarger/Applications/G16/g16/l103.exe)

 GradGradGradGradGradGradGradGradGradGradGradGradGradGradGradGradGradGrad
 Berny optimization.
 Initialization pass.
                           ----------------------------
                           !    Initial Parameters    !
                           ! (Angstroms and Degrees)  !
 --------------------------                            --------------------------
 ! Name  Definition              Value          Derivative Info.                !
 --------------------------------------------------------------------------------
 ! R1    R(1,2)                  1.07           estimate D2E/DX2                !
 ! R2    R(1,3)                  1.07           estimate D2E/DX2                !
 ! R3    R(1,4)                  1.07           estimate D2E/DX2                !
 ! R4    R(1,5)                  1.07           estimate D2E/DX2                !
 ! A1    A(2,1,3)              109.4712         estimate D2E/DX2                !
 ! A2    A(2,1,4)              109.4712         estimate D2E/DX2                !
 ! A3    A(2,1,5)              109.4712         estimate D2E/DX2                !
 ! A4    A(3,1,4)              109.4712         estimate D2E/DX2                !
 ! A5    A(3,1,5)              109.4712         estimate D2E/DX2                !
 ! A6    A(4,1,5)              109.4712         estimate D2E/DX2                !
 ! D1    D(2,1,4,3)           -120.0            estimate D2E/DX2                !
 ! D2    D(2,1,5,3)            120.0            estimate D2E/DX2                !
 ! D3    D(2,1,5,4)           -120.0            estimate D2E/DX2                !
 ! D4    D(3,1,5,4)            120.0            estimate D2E/DX2                !
 --------------------------------------------------------------------------------
 Trust Radius=3.00D-01 FncErr=1.00D-07 GrdErr=1.00D-07 EigMax=2.50D+02 EigMin=1.00D-04
 Number of steps in this run=     24 maximum allowed number of steps=    100.
 GradGradGradGradGradGradGradGradGradGradGradGradGradGradGradGradGradGrad

 Leave Link  103 at Fri Sep  6 16:33:17 2024, MaxMem=   536870912 cpu:               0.0 elap:               0.0
 (Enter /Users/asuyarger/Applications/G16/g16/l202.exe)
                          Input orientation:                          
 ---------------------------------------------------------------------
 Center     Atomic      Atomic             Coordinates (Angstroms)
 Number     Number       Type             X           Y           Z
 ---------------------------------------------------------------------
      1          6           0       -0.081374    0.280289    0.000000
      2          1           0        0.275280   -0.728521    0.000000
      3          1           0        0.275299    0.784688    0.873651
      4          1           0        0.275299    0.784688   -0.873651
      5          1           0       -1.151374    0.280302    0.000000
 ---------------------------------------------------------------------
                    Distance matrix (angstroms):
                    1          2          3          4          5
     1  C    0.000000
     2  H    1.070000   0.000000
     3  H    1.070000   1.747303   0.000000
     4  H    1.070000   1.747303   1.747303   0.000000
     5  H    1.070000   1.747303   1.747303   1.747303   0.000000
 Stoichiometry    CH4
 Framework group  TD[O(C),4C3(H)]
 Deg. of freedom     1
 Full point group                 TD      NOp  24
 Largest Abelian subgroup         D2      NOp   4
 Largest concise Abelian subgroup D2      NOp   4
                         Standard orientation:                         
 ---------------------------------------------------------------------
 Center     Atomic      Atomic             Coordinates (Angstroms)
 Number     Number       Type             X           Y           Z
 ---------------------------------------------------------------------
      1          6           0        0.000000    0.000000    0.000000
      2          1           0        0.617765    0.617765    0.617765
      3          1           0       -0.617765   -0.617765    0.617765
      4          1           0       -0.617765    0.617765   -0.617765
      5          1           0        0.617765   -0.617765   -0.617765
 ---------------------------------------------------------------------
 Rotational constants (GHZ):         164.2463651         164.2463651         164.2463651
 Leave Link  202 at Fri Sep  6 16:33:17 2024, MaxMem=   536870912 cpu:               0.0 elap:               0.0
 (Enter /Users/asuyarger/Applications/G16/g16/l301.exe)
 Standard basis: 6-311++G(2d,3p) (5D, 7F)
 Ernie: Thresh=  0.10000D-02 Tol=  0.10000D-05 Strict=F.
 There are    24 symmetry adapted cartesian basis functions of A   symmetry.
 There are    19 symmetry adapted cartesian basis functions of B1  symmetry.
 There are    19 symmetry adapted cartesian basis functions of B2  symmetry.
 There are    19 symmetry adapted cartesian basis functions of B3  symmetry.
 There are    22 symmetry adapted basis functions of A   symmetry.
 There are    19 symmetry adapted basis functions of B1  symmetry.
 There are    19 symmetry adapted basis functions of B2  symmetry.
 There are    19 symmetry adapted basis functions of B3  symmetry.
    79 basis functions,   102 primitive gaussians,    81 cartesian basis functions
     5 alpha electrons        5 beta electrons
       nuclear repulsion energy        13.6865179973 Hartrees.
 IExCor=    0 DFT=F Ex=HF Corr=None ExCW=0 ScaHFX=  1.000000
 ScaDFX=  1.000000  1.000000  1.000000  1.000000 ScalE2=  1.000000  1.000000
 IRadAn=      5 IRanWt=     -1 IRanGd=            0 ICorTp=0 IEmpDi=  4
 NAtoms=    5 NActive=    5 NUniq=    2 SFac= 4.00D+00 NAtFMM=   60 NAOKFM=F Big=F
 Integral buffers will be    131072 words long.
 Raffenetti 1 integral format.
 Two-electron integral symmetry is turned on.
 Leave Link  301 at Fri Sep  6 16:33:17 2024, MaxMem=   536870912 cpu:               0.1 elap:               0.0
 (Enter /Users/asuyarger/Applications/G16/g16/l302.exe)
 NPDir=0 NMtPBC=     1 NCelOv=     1 NCel=       1 NClECP=     1 NCelD=      1
         NCelK=      1 NCelE2=     1 NClLst=     1 CellRange=     0.0.
 One-electron integrals computed using PRISM.
 One-electron integral symmetry used in STVInt
 NBasis=    79 RedAO= T EigKep=  2.67D-04  NBF=    22    19    19    19
 NBsUse=    79 1.00D-06 EigRej= -1.00D+00 NBFU=    22    19    19    19
 Leave Link  302 at Fri Sep  6 16:33:17 2024, MaxMem=   536870912 cpu:               0.3 elap:               0.1
 (Enter /Users/asuyarger/Applications/G16/g16/l303.exe)
 DipDrv:  MaxL=1.
 Leave Link  303 at Fri Sep  6 16:33:17 2024, MaxMem=   536870912 cpu:               0.1 elap:               0.0
 (Enter /Users/asuyarger/Applications/G16/g16/l401.exe)
 ExpMin= 3.60D-02 ExpMax= 4.56D+03 ExpMxC= 6.82D+02 IAcc=3 IRadAn=         5 AccDes= 0.00D+00
 Harris functional with IExCor=  205 and IRadAn=       5 diagonalized for initial guess.
 HarFok:  IExCor=  205 AccDes= 0.00D+00 IRadAn=         5 IDoV= 1 UseB2=F ITyADJ=14
 ICtDFT=  3500011 ScaDFX=  1.000000  1.000000  1.000000  1.000000
 FoFCou: FMM=F IPFlag=           0 FMFlag=      100000 FMFlg1=           0
         NFxFlg=           0 DoJE=T BraDBF=F KetDBF=T FulRan=T
         wScrn=  0.000000 ICntrl=       500 IOpCl=  0 I1Cent=   200000004 NGrid=           0
         NMat0=    1 NMatS0=      1 NMatT0=    0 NMatD0=    1 NMtDS0=    0 NMtDT0=    0
 Petite list used in FoFCou.
 Harris En= -40.4006870777540    
 JPrj=0 DoOrth=F DoCkMO=F.
 Initial guess orbital symmetries:
       Occupied  (A1) (A1) (T2) (T2) (T2)
       Virtual   (A1) (T2) (T2) (T2) (T2) (T2) (T2) (A1) (T2) (T2)
                 (T2) (E) (E) (A1) (T2) (T2) (T2) (T1) (T1) (T1)
                 (T2) (T2) (T2) (A1) (T2) (T2) (T2) (A1) (T2) (T2)
                 (T2) (E) (E) (A1) (T2) (T2) (T2) (T1) (T1) (T1)
                 (T2) (T2) (T2) (T2) (T2) (T2) (E) (E) (A1) (T2)
                 (T2) (T2) (A1) (T2) (T2) (T2) (E) (E) (T2) (T2)
                 (T2) (T1) (T1) (T1) (T2) (T2) (T2) (E) (E) (A1)
                 (T2) (T2) (T2) (A1)
 The electronic state of the initial guess is 1-A1.
 Leave Link  401 at Fri Sep  6 16:33:17 2024, MaxMem=   536870912 cpu:               0.4 elap:               0.1
 (Enter /Users/asuyarger/Applications/G16/g16/l502.exe)
 Keep R1 ints in memory in symmetry-blocked form, NReq=6254607.
 FoFCou: FMM=F IPFlag=           0 FMFlag=           0 FMFlg1=           0
         NFxFlg=           0 DoJE=F BraDBF=F KetDBF=F FulRan=T
         wScrn=  0.000000 ICntrl=       600 IOpCl=  0 I1Cent=           0 NGrid=           0
         NMat0=    1 NMatS0=   3160 NMatT0=    0 NMatD0=    1 NMtDS0=    0 NMtDT0=    0
 Petite list used in FoFCou.
 Closed shell SCF:
 Using DIIS extrapolation, IDIIS=  1040.
 NGot=   536870912 LenX=   535596737 LenY=   535589735
 Requested convergence on RMS density matrix=1.00D-08 within 128 cycles.
 Requested convergence on MAX density matrix=1.00D-06.
 Requested convergence on             energy=1.00D-06.
 No special actions if energy rises.

 Cycle   1  Pass 1  IDiag  1:
 E= -40.0673826006938    
 DIIS: error= 5.19D-02 at cycle   1 NSaved=   1.
 NSaved= 1 IEnMin= 1 EnMin= -40.0673826006938     IErMin= 1 ErrMin= 5.19D-02
 ErrMax= 5.19D-02  0.00D+00 EMaxC= 1.00D-01 BMatC= 1.84D-01 BMatP= 1.84D-01
 IDIUse=3 WtCom= 4.81D-01 WtEn= 5.19D-01
 Coeff-Com:  0.100D+01
 Coeff-En:   0.100D+01
 Coeff:      0.100D+01
 Gap=     0.516 Goal=   None    Shift=    0.000
 GapD=    0.516 DampG=2.000 DampE=0.500 DampFc=1.0000 IDamp=-1.
 RMSDP=3.35D-03 MaxDP=1.31D-01              OVMax= 1.53D-01

 Cycle   2  Pass 1  IDiag  1:
 E= -40.1888040251278     Delta-E=       -0.121421424434 Rises=F Damp=F
 DIIS: error= 2.67D-02 at cycle   2 NSaved=   2.
 NSaved= 2 IEnMin= 2 EnMin= -40.1888040251278     IErMin= 2 ErrMin= 2.67D-02
 ErrMax= 2.67D-02  0.00D+00 EMaxC= 1.00D-01 BMatC= 2.50D-02 BMatP= 1.84D-01
 IDIUse=3 WtCom= 7.33D-01 WtEn= 2.67D-01
 Coeff-Com:  0.238D+00 0.762D+00
 Coeff-En:   0.000D+00 0.100D+01
 Coeff:      0.175D+00 0.825D+00
 Gap=     0.608 Goal=   None    Shift=    0.000
 RMSDP=1.33D-03 MaxDP=5.02D-02 DE=-1.21D-01 OVMax= 4.94D-02

 Cycle   3  Pass 1  IDiag  1:
 E= -40.2108246275094     Delta-E=       -0.022020602382 Rises=F Damp=F
 DIIS: error= 3.07D-03 at cycle   3 NSaved=   3.
 NSaved= 3 IEnMin= 3 EnMin= -40.2108246275094     IErMin= 3 ErrMin= 3.07D-03
 ErrMax= 3.07D-03  0.00D+00 EMaxC= 1.00D-01 BMatC= 6.30D-04 BMatP= 2.50D-02
 IDIUse=3 WtCom= 9.69D-01 WtEn= 3.07D-02
 Coeff-Com: -0.253D-01 0.851D-01 0.940D+00
 Coeff-En:   0.000D+00 0.000D+00 0.100D+01
 Coeff:     -0.245D-01 0.825D-01 0.942D+00
 Gap=     0.591 Goal=   None    Shift=    0.000
 RMSDP=1.83D-04 MaxDP=4.80D-03 DE=-2.20D-02 OVMax= 8.09D-03

 Cycle   4  Pass 1  IDiag  1:
 E= -40.2114855295273     Delta-E=       -0.000660902018 Rises=F Damp=F
 DIIS: error= 5.39D-04 at cycle   4 NSaved=   4.
 NSaved= 4 IEnMin= 4 EnMin= -40.2114855295273     IErMin= 4 ErrMin= 5.39D-04
 ErrMax= 5.39D-04  0.00D+00 EMaxC= 1.00D-01 BMatC= 5.90D-06 BMatP= 6.30D-04
 IDIUse=3 WtCom= 9.95D-01 WtEn= 5.39D-03
 Coeff-Com:  0.624D-02-0.388D-01-0.311D+00 0.134D+01
 Coeff-En:   0.000D+00 0.000D+00 0.000D+00 0.100D+01
 Coeff:      0.621D-02-0.386D-01-0.310D+00 0.134D+01
 Gap=     0.591 Goal=   None    Shift=    0.000
 RMSDP=5.23D-05 MaxDP=9.26D-04 DE=-6.61D-04 OVMax= 1.69D-03

 Cycle   5  Pass 1  IDiag  1:
 E= -40.2115004904430     Delta-E=       -0.000014960916 Rises=F Damp=F
 DIIS: error= 6.37D-05 at cycle   5 NSaved=   5.
 NSaved= 5 IEnMin= 5 EnMin= -40.2115004904430     IErMin= 5 ErrMin= 6.37D-05
 ErrMax= 6.37D-05  0.00D+00 EMaxC= 1.00D-01 BMatC= 1.05D-07 BMatP= 5.90D-06
 IDIUse=1 WtCom= 1.00D+00 WtEn= 0.00D+00
 Coeff-Com: -0.472D-03 0.433D-02 0.366D-01-0.263D+00 0.122D+01
 Coeff:     -0.472D-03 0.433D-02 0.366D-01-0.263D+00 0.122D+01
 Gap=     0.591 Goal=   None    Shift=    0.000
 RMSDP=8.34D-06 MaxDP=1.38D-04 DE=-1.50D-05 OVMax= 2.44D-04

 Cycle   6  Pass 1  IDiag  1:
 E= -40.2115007514877     Delta-E=       -0.000000261045 Rises=F Damp=F
 DIIS: error= 2.62D-06 at cycle   6 NSaved=   6.
 NSaved= 6 IEnMin= 6 EnMin= -40.2115007514877     IErMin= 6 ErrMin= 2.62D-06
 ErrMax= 2.62D-06  0.00D+00 EMaxC= 1.00D-01 BMatC= 3.91D-10 BMatP= 1.05D-07
 IDIUse=1 WtCom= 1.00D+00 WtEn= 0.00D+00
 Coeff-Com:  0.704D-04-0.702D-03-0.617D-02 0.494D-01-0.272D+00 0.123D+01
 Coeff:      0.704D-04-0.702D-03-0.617D-02 0.494D-01-0.272D+00 0.123D+01
 Gap=     0.591 Goal=   None    Shift=    0.000
 RMSDP=9.69D-07 MaxDP=1.43D-05 DE=-2.61D-07 OVMax= 1.47D-05

 Cycle   7  Pass 1  IDiag  1:
 E= -40.2115007524598     Delta-E=       -0.000000000972 Rises=F Damp=F
 DIIS: error= 2.63D-07 at cycle   7 NSaved=   7.
 NSaved= 7 IEnMin= 7 EnMin= -40.2115007524598     IErMin= 7 ErrMin= 2.63D-07
 ErrMax= 2.63D-07  0.00D+00 EMaxC= 1.00D-01 BMatC= 1.69D-12 BMatP= 3.91D-10
 IDIUse=1 WtCom= 1.00D+00 WtEn= 0.00D+00
 Coeff-Com: -0.591D-05 0.598D-04 0.572D-03-0.485D-02 0.281D-01-0.162D+00
 Coeff-Com:  0.114D+01
 Coeff:     -0.591D-05 0.598D-04 0.572D-03-0.485D-02 0.281D-01-0.162D+00
 Coeff:      0.114D+01
 Gap=     0.591 Goal=   None    Shift=    0.000
 RMSDP=8.24D-08 MaxDP=9.06D-07 DE=-9.72D-10 OVMax= 7.75D-07

 Cycle   8  Pass 1  IDiag  1:
 E= -40.2115007524630     Delta-E=       -0.000000000003 Rises=F Damp=F
 DIIS: error= 9.04D-09 at cycle   8 NSaved=   8.
 NSaved= 8 IEnMin= 8 EnMin= -40.2115007524630     IErMin= 8 ErrMin= 9.04D-09
 ErrMax= 9.04D-09  0.00D+00 EMaxC= 1.00D-01 BMatC= 5.85D-15 BMatP= 1.69D-12
 IDIUse=1 WtCom= 1.00D+00 WtEn= 0.00D+00
 Coeff-Com:  0.278D-06-0.268D-05-0.298D-04 0.270D-03-0.162D-02 0.110D-01
 Coeff-Com: -0.123D+00 0.111D+01
 Coeff:      0.278D-06-0.268D-05-0.298D-04 0.270D-03-0.162D-02 0.110D-01
 Coeff:     -0.123D+00 0.111D+01
 Gap=     0.591 Goal=   None    Shift=    0.000
 RMSDP=8.15D-09 MaxDP=9.56D-08 DE=-3.17D-12 OVMax= 5.55D-08

 SCF Done:  E(RHF) =  -40.2115007525     A.U. after    8 cycles
            NFock=  8  Conv=0.81D-08     -V/T= 1.9983
 KE= 4.027879104626D+01 PE=-1.204815989861D+02 EE= 2.630478919014D+01
 Leave Link  502 at Fri Sep  6 16:33:17 2024, MaxMem=   536870912 cpu:               0.6 elap:               0.2
 (Enter /Users/asuyarger/Applications/G16/g16/l601.exe)
 Copying SCF densities to generalized density rwf, IOpCl= 0 IROHF=0.

 **********************************************************************

            Population analysis using the SCF density.

 **********************************************************************

 Orbital symmetries:
       Occupied  (A1) (A1) (T2) (T2) (T2)
       Virtual   (A1) (T2) (T2) (T2) (T2) (T2) (T2) (A1) (T2) (T2)
                 (T2) (A1) (E) (E) (T2) (T2) (T2) (T1) (T1) (T1)
                 (A1) (T2) (T2) (T2) (T2) (T2) (T2) (T2) (T2) (T2)
                 (A1) (E) (E) (A1) (T2) (T2) (T2) (T1) (T1) (T1)
                 (T2) (T2) (T2) (E) (E) (T2) (T2) (T2) (A1) (T2)
                 (T2) (T2) (A1) (T2) (T2) (T2) (E) (E) (T2) (T2)
                 (T2) (T1) (T1) (T1) (T2) (T2) (T2) (E) (E) (A1)
                 (T2) (T2) (T2) (A1)
 The electronic state is 1-A1.
 Alpha  occ. eigenvalues --  -11.19618  -0.95071  -0.54991  -0.54991  -0.54991
 Alpha virt. eigenvalues --    0.04121   0.07529   0.07529   0.07529   0.15026
 Alpha virt. eigenvalues --    0.15026   0.15026   0.17735   0.29028   0.29028
 Alpha virt. eigenvalues --    0.29028   0.36591   0.40602   0.40602   0.47242
 Alpha virt. eigenvalues --    0.47242   0.47242   0.64859   0.64859   0.64859
 Alpha virt. eigenvalues --    0.67546   0.69069   0.69069   0.69069   0.92610
 Alpha virt. eigenvalues --    0.92610   0.92610   0.97402   0.97402   0.97402
 Alpha virt. eigenvalues --    1.03841   1.15734   1.15734   1.23631   1.49280
 Alpha virt. eigenvalues --    1.49280   1.49280   2.05199   2.05199   2.05199
 Alpha virt. eigenvalues --    2.17932   2.17932   2.17932   2.58702   2.58702
 Alpha virt. eigenvalues --    2.66540   2.66540   2.66540   2.97852   3.16627
 Alpha virt. eigenvalues --    3.16627   3.16627   3.53655   3.79211   3.79211
 Alpha virt. eigenvalues --    3.79211   3.87674   3.87674   4.59619   4.59619
 Alpha virt. eigenvalues --    4.59619   8.74147   8.74147   8.74147   8.78636
 Alpha virt. eigenvalues --    8.78636   8.78636   8.86102   8.86102   8.89745
 Alpha virt. eigenvalues --    9.12545   9.12545   9.12545  25.30603
     Molecular Orbital Coefficients:
                           1         2         3         4         5
                        (A1)--O   (A1)--O   (T2)--O   (T2)--O   (T2)--O
     Eigenvalues --   -11.19618  -0.95071  -0.54991  -0.54991  -0.54991
   1 1   C  1S          0.56325  -0.10324   0.00000   0.00000   0.00000
   2        2S          0.46648  -0.17047   0.00000   0.00000   0.00000
   3        2PX         0.00000   0.00000   0.00000   0.00000   0.19278
   4        2PY         0.00000   0.00000   0.00000   0.19278   0.00000
   5        2PZ         0.00000   0.00000   0.19278   0.00000   0.00000
   6        3S          0.00510   0.42566   0.00000   0.00000   0.00000
   7        3PX         0.00000   0.00000   0.00000   0.00000   0.29153
   8        3PY         0.00000   0.00000   0.00000   0.29153   0.00000
   9        3PZ         0.00000   0.00000   0.29153   0.00000   0.00000
  10        4S         -0.00250   0.14089   0.00000   0.00000   0.00000
  11        4PX         0.00000   0.00000   0.00000   0.00000   0.17351
  12        4PY         0.00000   0.00000   0.00000   0.17351   0.00000
  13        4PZ         0.00000   0.00000   0.17351   0.00000   0.00000
  14        5S         -0.00224  -0.03887   0.00000   0.00000   0.00000
  15        5PX         0.00000   0.00000   0.00000   0.00000  -0.01309
  16        5PY         0.00000   0.00000   0.00000  -0.01309   0.00000
  17        5PZ         0.00000   0.00000  -0.01309   0.00000   0.00000
  18        6D 0       -0.00000  -0.00000   0.00000   0.00000   0.00000
  19        6D+1        0.00000   0.00000   0.00000   0.01900   0.00000
  20        6D-1        0.00000   0.00000   0.00000   0.00000   0.01900
  21        6D+2       -0.00000  -0.00000   0.00000   0.00000   0.00000
  22        6D-2        0.00000   0.00000   0.01900   0.00000   0.00000
  23        7D 0        0.00000  -0.00000   0.00000   0.00000   0.00000
  24        7D+1        0.00000   0.00000   0.00000   0.01648   0.00000
  25        7D-1        0.00000   0.00000   0.00000   0.00000   0.01648
  26        7D+2        0.00000   0.00000   0.00000   0.00000   0.00000
  27        7D-2        0.00000   0.00000   0.01648   0.00000   0.00000
  28 2   H  1S          0.00042   0.08434   0.10247   0.10247   0.10247
  29        2S         -0.00015   0.12206   0.16141   0.16141   0.16141
  30        3S          0.00101   0.03301   0.08388   0.08388   0.08388
  31        4S          0.00025   0.00620   0.01589   0.01589   0.01589
  32        5PX        -0.00007  -0.00163  -0.00217  -0.00217  -0.00070
  33        5PY        -0.00007  -0.00163  -0.00217  -0.00070  -0.00217
  34        5PZ        -0.00007  -0.00163  -0.00070  -0.00217  -0.00217
  35        6PX         0.00010  -0.00885  -0.00879  -0.00879   0.00001
  36        6PY         0.00010  -0.00885  -0.00879   0.00001  -0.00879
  37        6PZ         0.00010  -0.00885   0.00001  -0.00879  -0.00879
  38        7PX        -0.00008  -0.00840  -0.00800  -0.00800  -0.00473
  39        7PY        -0.00008  -0.00840  -0.00800  -0.00473  -0.00800
  40        7PZ        -0.00008  -0.00840  -0.00473  -0.00800  -0.00800
  41 3   H  1S          0.00042   0.08434   0.10247  -0.10247  -0.10247
  42        2S         -0.00015   0.12206   0.16141  -0.16141  -0.16141
  43        3S          0.00101   0.03301   0.08388  -0.08388  -0.08388
  44        4S          0.00025   0.00620   0.01589  -0.01589  -0.01589
  45        5PX         0.00007   0.00163   0.00217  -0.00217  -0.00070
  46        5PY         0.00007   0.00163   0.00217  -0.00070  -0.00217
  47        5PZ        -0.00007  -0.00163  -0.00070   0.00217   0.00217
  48        6PX        -0.00010   0.00885   0.00879  -0.00879   0.00001
  49        6PY        -0.00010   0.00885   0.00879   0.00001  -0.00879
  50        6PZ         0.00010  -0.00885   0.00001   0.00879   0.00879
  51        7PX         0.00008   0.00840   0.00800  -0.00800  -0.00473
  52        7PY         0.00008   0.00840   0.00800  -0.00473  -0.00800
  53        7PZ        -0.00008  -0.00840  -0.00473   0.00800   0.00800
  54 4   H  1S          0.00042   0.08434  -0.10247   0.10247  -0.10247
  55        2S         -0.00015   0.12206  -0.16141   0.16141  -0.16141
  56        3S          0.00101   0.03301  -0.08388   0.08388  -0.08388
  57        4S          0.00025   0.00620  -0.01589   0.01589  -0.01589
  58        5PX         0.00007   0.00163  -0.00217   0.00217  -0.00070
  59        5PY        -0.00007  -0.00163   0.00217  -0.00070   0.00217
  60        5PZ         0.00007   0.00163  -0.00070   0.00217  -0.00217
  61        6PX        -0.00010   0.00885  -0.00879   0.00879   0.00001
  62        6PY         0.00010  -0.00885   0.00879   0.00001   0.00879
  63        6PZ        -0.00010   0.00885   0.00001   0.00879  -0.00879
  64        7PX         0.00008   0.00840  -0.00800   0.00800  -0.00473
  65        7PY        -0.00008  -0.00840   0.00800  -0.00473   0.00800
  66        7PZ         0.00008   0.00840  -0.00473   0.00800  -0.00800
  67 5   H  1S          0.00042   0.08434  -0.10247  -0.10247   0.10247
  68        2S         -0.00015   0.12206  -0.16141  -0.16141   0.16141
  69        3S          0.00101   0.03301  -0.08388  -0.08388   0.08388
  70        4S          0.00025   0.00620  -0.01589  -0.01589   0.01589
  71        5PX        -0.00007  -0.00163   0.00217   0.00217  -0.00070
  72        5PY         0.00007   0.00163  -0.00217  -0.00070   0.00217
  73        5PZ         0.00007   0.00163  -0.00070  -0.00217   0.00217
  74        6PX         0.00010  -0.00885   0.00879   0.00879   0.00001
  75        6PY        -0.00010   0.00885  -0.00879   0.00001   0.00879
  76        6PZ        -0.00010   0.00885   0.00001  -0.00879   0.00879
  77        7PX        -0.00008  -0.00840   0.00800   0.00800  -0.00473
  78        7PY         0.00008   0.00840  -0.00800  -0.00473   0.00800
  79        7PZ         0.00008   0.00840  -0.00473  -0.00800   0.00800
                           6         7         8         9        10
                        (A1)--V   (T2)--V   (T2)--V   (T2)--V   (T2)--V
     Eigenvalues --     0.04121   0.07529   0.07529   0.07529   0.15026
   1 1   C  1S         -0.01803   0.00000   0.00000   0.00000   0.00000
   2        2S         -0.03047   0.00000   0.00000   0.00000   0.00000
   3        2PX         0.00000   0.00000   0.00000  -0.03763   0.00000
   4        2PY         0.00000   0.00000  -0.03763   0.00000   0.00000
   5        2PZ         0.00000  -0.03763   0.00000   0.00000  -0.01123
   6        3S          0.07444   0.00000   0.00000   0.00000   0.00000
   7        3PX         0.00000   0.00000   0.00000  -0.03079   0.00000
   8        3PY         0.00000   0.00000  -0.03079   0.00000   0.00000
   9        3PZ         0.00000  -0.03079   0.00000   0.00000  -0.01011
  10        4S          1.32790   0.00000   0.00000   0.00000   0.00000
  11        4PX         0.00000   0.00000   0.00000   0.88584   0.00000
  12        4PY         0.00000   0.00000   0.88584   0.00000   0.00000
  13        4PZ         0.00000   0.88584   0.00000   0.00000   0.59077
  14        5S          7.58015   0.00000   0.00000   0.00000   0.00000
  15        5PX         0.00000   0.00000   0.00000  -1.22421   0.00000
  16        5PY         0.00000   0.00000  -1.22421   0.00000   0.00000
  17        5PZ         0.00000  -1.22421   0.00000   0.00000   3.91073
  18        6D 0       -0.00000   0.00000   0.00000   0.00000   0.00000
  19        6D+1        0.00000   0.00000  -0.00523   0.00000   0.00000
  20        6D-1        0.00000   0.00000   0.00000  -0.00523   0.00000
  21        6D+2       -0.00000   0.00000   0.00000   0.00000   0.00000
  22        6D-2        0.00000  -0.00523   0.00000   0.00000  -0.01048
  23        7D 0        0.00000   0.00000   0.00000   0.00000   0.00000
  24        7D+1        0.00000   0.00000   0.09662   0.00000   0.00000
  25        7D-1        0.00000   0.00000   0.00000   0.09662   0.00000
  26        7D+2       -0.00000   0.00000   0.00000   0.00000   0.00000
  27        7D-2        0.00000   0.09662   0.00000   0.00000  -0.02767
  28 2   H  1S          0.00393  -0.00751  -0.00751  -0.00751  -0.02288
  29        2S         -0.02297  -0.14684  -0.14684  -0.14684  -0.01863
  30        3S         -0.83467  -0.90120  -0.90120  -0.90120  -1.14587
  31        4S         -1.77455   2.88357   2.88357   2.88357  -3.11100
  32        5PX        -0.00003   0.00040   0.00040   0.00001   0.00140
  33        5PY        -0.00003   0.00040   0.00001   0.00040   0.00140
  34        5PZ        -0.00003   0.00001   0.00040   0.00040  -0.00047
  35        6PX        -0.00510   0.00445   0.00445   0.00660  -0.01189
  36        6PY        -0.00510   0.00445   0.00660   0.00445  -0.01189
  37        6PZ        -0.00510   0.00660   0.00445   0.00445   0.01010
  38        7PX         0.06380   0.13311   0.13311   0.07146   0.12010
  39        7PY         0.06380   0.13311   0.07146   0.13311   0.12010
  40        7PZ         0.06380   0.07146   0.13311   0.13311  -0.02168
  41 3   H  1S          0.00393  -0.00751   0.00751   0.00751  -0.02288
  42        2S         -0.02297  -0.14684   0.14684   0.14684  -0.01863
  43        3S         -0.83467  -0.90120   0.90120   0.90120  -1.14587
  44        4S         -1.77455   2.88357  -2.88357  -2.88357  -3.11100
  45        5PX         0.00003  -0.00040   0.00040   0.00001  -0.00140
  46        5PY         0.00003  -0.00040   0.00001   0.00040  -0.00140
  47        5PZ        -0.00003   0.00001  -0.00040  -0.00040  -0.00047
  48        6PX         0.00510  -0.00445   0.00445   0.00660   0.01189
  49        6PY         0.00510  -0.00445   0.00660   0.00445   0.01189
  50        6PZ        -0.00510   0.00660  -0.00445  -0.00445   0.01010
  51        7PX        -0.06380  -0.13311   0.13311   0.07146  -0.12010
  52        7PY        -0.06380  -0.13311   0.07146   0.13311  -0.12010
  53        7PZ         0.06380   0.07146  -0.13311  -0.13311  -0.02168
  54 4   H  1S          0.00393   0.00751  -0.00751   0.00751   0.02288
  55        2S         -0.02297   0.14684  -0.14684   0.14684   0.01863
  56        3S         -0.83467   0.90120  -0.90120   0.90120   1.14587
  57        4S         -1.77455  -2.88357   2.88357  -2.88357   3.11100
  58        5PX         0.00003   0.00040  -0.00040   0.00001   0.00140
  59        5PY        -0.00003  -0.00040   0.00001  -0.00040  -0.00140
  60        5PZ         0.00003   0.00001  -0.00040   0.00040  -0.00047
  61        6PX         0.00510   0.00445  -0.00445   0.00660  -0.01189
  62        6PY        -0.00510  -0.00445   0.00660  -0.00445   0.01189
  63        6PZ         0.00510   0.00660  -0.00445   0.00445   0.01010
  64        7PX        -0.06380   0.13311  -0.13311   0.07146   0.12010
  65        7PY         0.06380  -0.13311   0.07146  -0.13311  -0.12010
  66        7PZ        -0.06380   0.07146  -0.13311   0.13311  -0.02168
  67 5   H  1S          0.00393   0.00751   0.00751  -0.00751   0.02288
  68        2S         -0.02297   0.14684   0.14684  -0.14684   0.01863
  69        3S         -0.83467   0.90120   0.90120  -0.90120   1.14587
  70        4S         -1.77455  -2.88357  -2.88357   2.88357   3.11100
  71        5PX        -0.00003  -0.00040  -0.00040   0.00001  -0.00140
  72        5PY         0.00003   0.00040   0.00001  -0.00040   0.00140
  73        5PZ         0.00003   0.00001   0.00040  -0.00040  -0.00047
  74        6PX        -0.00510  -0.00445  -0.00445   0.00660   0.01189
  75        6PY         0.00510   0.00445   0.00660  -0.00445  -0.01189
  76        6PZ         0.00510   0.00660   0.00445  -0.00445   0.01010
  77        7PX         0.06380  -0.13311  -0.13311   0.07146  -0.12010
  78        7PY        -0.06380   0.13311   0.07146  -0.13311   0.12010
  79        7PZ        -0.06380   0.07146   0.13311  -0.13311  -0.02168
                          11        12        13        14        15
                        (T2)--V   (T2)--V   (A1)--V   (T2)--V   (T2)--V
     Eigenvalues --     0.15026   0.15026   0.17735   0.29028   0.29028
   1 1   C  1S          0.00000   0.00000   0.03384   0.00000   0.00000
   2        2S          0.00000   0.00000   0.06191   0.00000   0.00000
   3        2PX         0.00000  -0.01123   0.00000   0.00000   0.00000
   4        2PY        -0.01123   0.00000   0.00000   0.11452   0.00000
   5        2PZ         0.00000   0.00000   0.00000   0.00000   0.11452
   6        3S          0.00000   0.00000  -0.25954   0.00000   0.00000
   7        3PX         0.00000  -0.01011   0.00000   0.00000   0.00000
   8        3PY        -0.01011   0.00000   0.00000   0.26325   0.00000
   9        3PZ         0.00000   0.00000   0.00000   0.00000   0.26325
  10        4S          0.00000   0.00000   4.88254   0.00000   0.00000
  11        4PX         0.00000   0.59077   0.00000   0.00000   0.00000
  12        4PY         0.59077   0.00000   0.00000   3.67497   0.00000
  13        4PZ         0.00000   0.00000   0.00000   0.00000   3.67497
  14        5S          0.00000   0.00000  19.38881   0.00000   0.00000
  15        5PX         0.00000   3.91073   0.00000   0.00000   0.00000
  16        5PY         3.91073   0.00000   0.00000  -1.06350   0.00000
  17        5PZ         0.00000   0.00000   0.00000   0.00000  -1.06350
  18        6D 0        0.00000   0.00000  -0.00000   0.00000   0.00000
  19        6D+1       -0.01048   0.00000   0.00000  -0.01516   0.00000
  20        6D-1        0.00000  -0.01048   0.00000   0.00000   0.00000
  21        6D+2        0.00000   0.00000  -0.00000   0.00000   0.00000
  22        6D-2        0.00000   0.00000   0.00000   0.00000  -0.01516
  23        7D 0        0.00000   0.00000   0.00000   0.00000   0.00000
  24        7D+1       -0.02767   0.00000   0.00000   0.28885   0.00000
  25        7D-1        0.00000  -0.02767   0.00000   0.00000   0.00000
  26        7D+2        0.00000   0.00000  -0.00000   0.00000   0.00000
  27        7D-2        0.00000   0.00000   0.00000   0.00000   0.28885
  28 2   H  1S         -0.02288  -0.02288   0.00014   0.00407   0.00407
  29        2S         -0.01863  -0.01863  -0.14401  -0.44074  -0.44074
  30        3S         -1.14587  -1.14587  -3.24895  -3.27757  -3.27757
  31        4S         -3.11100  -3.11100  -3.25472   2.29953   2.29953
  32        5PX         0.00140  -0.00047   0.00159  -0.00211  -0.00211
  33        5PY        -0.00047   0.00140   0.00159  -0.00081  -0.00211
  34        5PZ         0.00140   0.00140   0.00159  -0.00211  -0.00081
  35        6PX        -0.01189   0.01010   0.00001   0.00058   0.00058
  36        6PY         0.01010  -0.01189   0.00001   0.01572   0.00058
  37        6PZ        -0.01189  -0.01189   0.00001   0.00058   0.01572
  38        7PX         0.12010  -0.02168   0.28247   0.40661   0.40661
  39        7PY        -0.02168   0.12010   0.28247   0.21606   0.40661
  40        7PZ         0.12010   0.12010   0.28247   0.40661   0.21606
  41 3   H  1S          0.02288   0.02288   0.00014  -0.00407   0.00407
  42        2S          0.01863   0.01863  -0.14401   0.44074  -0.44074
  43        3S          1.14587   1.14587  -3.24895   3.27757  -3.27757
  44        4S          3.11100   3.11100  -3.25472  -2.29953   2.29953
  45        5PX         0.00140  -0.00047  -0.00159  -0.00211   0.00211
  46        5PY        -0.00047   0.00140  -0.00159  -0.00081   0.00211
  47        5PZ        -0.00140  -0.00140   0.00159   0.00211  -0.00081
  48        6PX        -0.01189   0.01010  -0.00001   0.00058  -0.00058
  49        6PY         0.01010  -0.01189  -0.00001   0.01572  -0.00058
  50        6PZ         0.01189   0.01189   0.00001  -0.00058   0.01572
  51        7PX         0.12010  -0.02168  -0.28247   0.40661  -0.40661
  52        7PY        -0.02168   0.12010  -0.28247   0.21606  -0.40661
  53        7PZ        -0.12010  -0.12010   0.28247  -0.40661   0.21606
  54 4   H  1S         -0.02288   0.02288   0.00014   0.00407  -0.00407
  55        2S         -0.01863   0.01863  -0.14401  -0.44074   0.44074
  56        3S         -1.14587   1.14587  -3.24895  -3.27757   3.27757
  57        4S         -3.11100   3.11100  -3.25472   2.29953  -2.29953
  58        5PX        -0.00140  -0.00047  -0.00159   0.00211  -0.00211
  59        5PY        -0.00047  -0.00140   0.00159  -0.00081   0.00211
  60        5PZ        -0.00140   0.00140  -0.00159   0.00211  -0.00081
  61        6PX         0.01189   0.01010  -0.00001  -0.00058   0.00058
  62        6PY         0.01010   0.01189   0.00001   0.01572  -0.00058
  63        6PZ         0.01189  -0.01189  -0.00001  -0.00058   0.01572
  64        7PX        -0.12010  -0.02168  -0.28247  -0.40661   0.40661
  65        7PY        -0.02168  -0.12010   0.28247   0.21606  -0.40661
  66        7PZ        -0.12010   0.12010  -0.28247  -0.40661   0.21606
  67 5   H  1S          0.02288  -0.02288   0.00014  -0.00407  -0.00407
  68        2S          0.01863  -0.01863  -0.14401   0.44074   0.44074
  69        3S          1.14587  -1.14587  -3.24895   3.27757   3.27757
  70        4S          3.11100  -3.11100  -3.25472  -2.29953  -2.29953
  71        5PX        -0.00140  -0.00047   0.00159   0.00211   0.00211
  72        5PY        -0.00047  -0.00140  -0.00159  -0.00081  -0.00211
  73        5PZ         0.00140  -0.00140  -0.00159  -0.00211  -0.00081
